Two Cities
31 19
1	1	1	1	1	1	1	1	1	1	1	1	1	1	1	1	1	1	1	1	1	1	1	1	1	1	1	1	1	1	1
1	0	0	0	0	0	0	0	0	0	0	0	0	0	0	0	0	0	0	0	0	0	0	0	0	0	0	0	0	0	1
1	0	1	1	1	1	1	1	0	1	1	1	1	1	1	0	1	1	1	1	1	1	0	1	1	1	1	1	1	0	1
1	0	1	0	0	0	0	0	0	0	0	0	0	0	1	0	1	0	0	0	0	0	0	0	0	0	0	0	1	0	1
1	0	1	0	1	1	0	1	1	1	0	1	1	0	1	0	1	0	1	1	0	1	1	1	0	1	1	0	1	0	1
1	0	1	0	1	0	0	0	0	0	0	0	1	0	1	0	1	0	1	0	0	0	0	0	0	0	1	0	1	0	1
1	0	1	0	0	0	1	1	0	1	1	0	0	0	1	0	1	0	0	0	1	1	0	1	1	0	0	0	1	0	1
1	0	1	0	1	0	1	0	0	0	1	0	1	0	1	0	1	0	1	0	1	0	0	0	1	0	1	0	1	0	1
1	0	1	0	1	0	1	0	1	0	1	0	1	0	1	0	1	0	1	0	1	0	1	0	1	0	1	0	1	0	1
1	0	0	0	1	0	0	0	1	0	0	0	1	0	0	0	0	0	1	0	0	0	1	0	0	0	1	0	0	0	1
1	0	1	0	1	0	1	0	1	0	1	0	1	0	1	0	1	0	1	0	1	0	1	0	1	0	1	0	1	0	1
1	0	1	0	1	0	1	0	0	0	1	0	1	0	1	0	1	0	1	0	1	0	0	0	1	0	1	0	1	0	1
1	0	1	0	0	0	1	1	0	1	1	0	0	0	1	0	1	0	0	0	1	1	0	1	1	0	0	0	1	0	1
1	0	1	0	1	0	0	0	0	0	0	0	1	0	1	0	1	0	1	0	0	0	0	0	0	0	1	0	1	0	1
1	0	1	0	1	1	0	1	1	1	0	1	1	0	1	0	1	0	1	1	0	1	1	1	0	1	1	0	1	0	1
1	0	1	0	0	0	0	0	0	0	0	0	0	0	1	0	1	0	0	0	0	0	0	0	0	0	0	0	1	0	1
1	0	1	1	1	1	1	1	0	1	1	1	1	1	1	0	1	1	1	1	1	1	0	1	1	1	1	1	1	0	1
1	0	0	0	0	0	0	0	0	0	0	0	0	0	0	0	0	0	0	0	0	0	0	0	0	0	0	0	0	0	1
1	1	1	1	1	1	1	1	1	1	1	1	1	1	1	1	1	1	1	1	1	1	1	1	1	1	1	1	1	1	1
6 6 15 1 9 15 4 12 4 6 0.3